small test network
60.0 35.0 2.0 box dimensions in microns
12 7 4 number of tissue points in x, y, z directions
100.0 lb, outer bound distance
100.0 maxl, max.segment length
4 nodsegm, max. number of segments per node
17 total number of segments 
name type from  to  diam flow HD
1 5 1 3 10.0 2.286731243133545 0.4000000059604645
2 5 2 4 10.0 2.637171506881714 0.4000000059604645
3 5 3 5 9.0 1.3492896556854248 0.4318890869617462
4 5 3 6 9.0 0.9374414682388306 0.3541010022163391
5 5 4 6 9.0 0.9289650321006775 0.31786948442459106
6 5 4 7 9.0 1.7082064151763916 0.4446645975112915
7 5 5 8 8.0 1.3492896556854248 0.4318890869617462
8 5 6 9 8.0 1.8664064407348633 0.3360675275325775
9 5 7 10 8.0 1.7082064151763916 0.4446645975112915
10 5 8 11 7.0 1.3492896556854248 0.4318890869617462
11 5 9 11 7.0 1.8664064407348633 0.3360675275325775
12 5 10 12 7.0 1.7082064151763916 0.4446645975112915
13 5 11 13 7.0 3.215696096420288 0.3762737512588501
14 5 12 14 7.0 1.7082064151763916 0.4446645975112915
15 5 13 15 6.0 3.215696096420288 0.3762737512588501
16 5 14 15 6.0 1.7082064151763916 0.4446645975112915
17 5 15 16 5.0 4.92390251159668 0.4000000059604645
16 total number of nodes
name x y z
1 20.0 0.0 1.0
2 40.0 0.0 1.0
3 20.0 5.0 1.0
4 40.0 5.0 1.0
5 10.0 10.0 0.0
6 30.0 10.0 1.0
7 50.0 10.0 2.0
8 10.0 15.0 0.0
9 30.0 15.0 1.0
10 50.0 15.0 2.0
11 20.0 20.0 1.0
12 50.0 20.0 2.0
13 20.0 25.0 1.0
14 50.0 25.0 2.0
15 30.0 30.0 1.0
16 30.0 35.0 1.0
3 number of boundary nodes
Node Bctype Flow HD PO2
1 2 2.286731243133545 0.4000000059604645 50.0
2 2 2.637171506881714 0.4000000059604645 50.0
16 2 4.92390251159668 0.4000000059604645 50.0
